年	1980	1981	1982	1983	1984	1985	1986	1987	1988	1989
日本	1,127.88	1,243.79	1,157.60	1,268.62	1,345.20	1,427.35	2,121.25	2,584.34	3,134.18	3,117.07
アメリカ	2,857.33	3,207.03	3,343.80	3,634.03	4,037.65	4,339.00	4,579.63	4,855.25	5,236.43	5,641.60
中国	303.00	288.70	284.60	305.43	314.23	310.13	300.92	327.73	408.66	458.18


年	1990	1991	1992	1993	1994	1995	1996	1997	1998	1999
日本	3,196.56	3,657.35	3,988.33	4,544.77	4,998.80	5,545.57	4,923.39	4,492.45	4,098.36	4,635.98
アメリカ	5,963.13	6,158.13	6,520.33	6,858.55	7,287.25	7,639.75	8,073.13	8,577.55	9,062.83	9,631.18
中国	396.59	413.21	492.15	617.43	561.69	731.00	860.47	957.99	1,024.17	1,088.35


年	2000	2001	2002	2003	2004	2005	2006	2007	2008	2009
日本	4,968.36	4,374.71	4,182.85	4,519.56	4,893.14	4,831.47	4,601.66	4,579.75	5,106.68	5,289.49
アメリカ	10,250.95	10,581.93	10,929.10	11,456.45	12,217.18	13,039.20	13,815.60	14,474.25	14,769.85	14,478.05
中国	1,205.53	1,333.65	1,465.83	1,656.96	1,949.45	2,290.02	2,754.15	3,555.66	4,577.28	5,088.99


年	2010	2011	2012	2013	2014	2015	2016	2017	2018	2019
日本	5,759.07	6,233.15	6,272.36	5,212.33	4,897.00	4,444.93	5,003.68	4,930.84	5,040.88	5,118.00
アメリカ	15,048.98	15,599.73	16,253.95	16,843.23	17,550.68	18,206.03	18,695.10	19,477.35	20,533.08	21,380.95
中国	6,033.83	7,492.21	8,539.58	9,624.93	10,524.24	11,113.51	11,226.90	12,265.33	13,841.81	14,340.60


年	2020	2021	2022	2023
日本	5,050.68	5,011.87	4,237.53	4,230.86
アメリカ	21,060.45	23,315.08	25,462.73	26,949.64
中国	14,862.56	17,759.31	17,886.33	17,700.90